{
 "cells": [
  {
   "cell_type": "code",
   "execution_count": 11,
   "metadata": {},
   "outputs": [],
   "source": [
    "import xlrd\n",
    "from pathlib import Path\n",
    "import pandas as pd\n",
    "import numpy as np\n",
    "from numba import decorators\n",
    "import librosa\n",
    "\n",
    "import torch\n",
    "import torch.nn as nn\n",
    "import torch.nn.functional as F\n",
    "import torch.optim as optim\n",
    "from torchvision import datasets, transforms\n",
    "from torch.utils.data import Dataset\n"
   ]
  },
  {
   "cell_type": "code",
   "execution_count": 12,
   "metadata": {},
   "outputs": [
    {
     "name": "stdout",
     "output_type": "stream",
     "text": [
      "cuda\n"
     ]
    }
   ],
   "source": [
    "device = torch.device(\"cuda\" if torch.cuda.is_available() else \"cpu\")\n",
    "print(device)"
   ]
  },
  {
   "cell_type": "code",
   "execution_count": 13,
   "metadata": {},
   "outputs": [],
   "source": [
    "# read in the data file\n",
    "# Give the location of the file \n",
    "\n",
    "df = pd.read_excel(r'data/data.xlsx', sheet_name='reduced totals')\n",
    "# print(df)"
   ]
  },
  {
   "cell_type": "code",
   "execution_count": 14,
   "metadata": {},
   "outputs": [],
   "source": [
    "## LOADING IN DATASETS\n",
    "\n",
    "dataset = Path.cwd().joinpath(\"SongEmotionDataset\")\n",
    "datasheet = Path.cwd().joinpath(\"data\") # for csua\n",
    "\n",
    "#emotion labels\n",
    "label_loc = datasheet.joinpath(\"data.xlsx\")\n",
    "wb = xlrd.open_workbook(label_loc) \n",
    "sheet = wb.sheet_by_index(2)\n",
    "\n",
    "#emotion arr\n",
    "emotions = [\"amazement\", \"calmness\", \"power\", \"joyful activation\", \"sadness\"]"
   ]
  },
  {
   "cell_type": "code",
   "execution_count": 15,
   "metadata": {},
   "outputs": [
    {
     "name": "stdout",
     "output_type": "stream",
     "text": [
      "tensor([ 11.4343, 157.9053,  55.5535, 120.1634,  54.9434], device='cuda:0')\n",
      "tensor([3.1017, 9.4848, 9.0917, 8.7741, 8.5477], device='cuda:0')\n",
      "[1, 9, 11, 10, 8]\n"
     ]
    },
    {
     "name": "stderr",
     "output_type": "stream",
     "text": [
      "/home/armaan.goel/memories/myenv/lib/python3.6/site-packages/ipykernel_launcher.py:22: UserWarning: Implicit dimension choice for softmax has been deprecated. Change the call to include dim=X as an argument.\n",
      "/home/armaan.goel/memories/myenv/lib/python3.6/site-packages/ipykernel_launcher.py:34: UserWarning: Implicit dimension choice for softmax has been deprecated. Change the call to include dim=X as an argument.\n"
     ]
    }
   ],
   "source": [
    "train_percentage = 0.8\n",
    "allowed_exceedance = 0\n",
    "\n",
    "train_song = []\n",
    "test_song = []\n",
    "train_emotion = []\n",
    "test_emotion = []\n",
    "\n",
    "row_indexes = np.arange(1,401)\n",
    "np.random.shuffle(row_indexes)\n",
    "\n",
    "# train_indexes = [row_indexes[i] for i in range(len(row_indexes)) if i < len(row_indexes)*train_percentage]\n",
    "# test_indexes = [row_indexes[i] for i in range(len(row_indexes)) if i >= len(row_indexes)*train_percentage]\n",
    "\n",
    "def get_data(indexes):\n",
    "    song = []\n",
    "    emotion = []\n",
    "    \n",
    "    totals = torch.zeros(len(emotions), device=device).float()\n",
    "    for x in indexes:    \n",
    "        row = torch.tensor([sheet.cell_value(x, 2 + j) for j in range(5)], device=device).float()\n",
    "        totals += F.softmax(row)\n",
    "\n",
    "    min_total = torch.min(totals)\n",
    "    print(totals)\n",
    "    \n",
    "    totals = torch.zeros(len(emotions), device=device).float()\n",
    "    for x in indexes:\n",
    "        row = torch.tensor([sheet.cell_value(x, 2 + j) for j in range(5)], device=device).float()\n",
    "        \n",
    "        if torch.max(totals + row) < min_total*(1 + allowed_exceedance):\n",
    "            song.append(dataset.joinpath(\"{}.mp3\".format(x)))\n",
    "            emotion.append(row)\n",
    "            totals += F.softmax(row)\n",
    "            \n",
    "    print(totals)\n",
    "    return song, emotion\n",
    "    \n",
    "song, emotion = get_data(row_indexes)\n",
    "# test_song, test_emotion = get_data(test_indexes)\n",
    "\n",
    "train_song = [song[i] for i in range(len(song)) if i < len(song)*train_percentage]\n",
    "test_song = [song[i] for i in range(len(song)) if i >= len(song)*train_percentage]\n",
    "\n",
    "train_emotion = [emotion[i] for i in range(len(emotion)) if i < len(emotion)*train_percentage]\n",
    "test_emotion = [emotion[i] for i in range(len(emotion)) if i >= len(emotion)*train_percentage]\n",
    "\n",
    "num_maxes = [0 for _ in emotions]\n",
    "\n",
    "for row in emotion:\n",
    "    i = torch.argmax(row)\n",
    "    num_maxes[i] += 1\n",
    "    \n",
    "print(num_maxes)"
   ]
  },
  {
   "cell_type": "code",
   "execution_count": 16,
   "metadata": {},
   "outputs": [],
   "source": [
    "# train_emotion"
   ]
  },
  {
   "cell_type": "code",
   "execution_count": 17,
   "metadata": {},
   "outputs": [],
   "source": [
    "class SongEmotionDataset(Dataset):\n",
    "    \"\"\"\n",
    "    Song Emotion Dataset. Uses librosa to process mp3 files.\n",
    "    Takes first 20 seconds, and samples every 10 to get processed audio tensor.\n",
    "    \"\"\"\n",
    "\n",
    "    def __init__(self, mp3, labels, transform=None):\n",
    "        \"\"\"\n",
    "        Args:\n",
    "            mp3: list of paths to mp3 files\n",
    "            labels: list of labels\n",
    "        \"\"\"\n",
    "        self.labels = labels\n",
    "        self.mp3 = mp3\n",
    "        self.cache = {}\n",
    "        \n",
    "    def __len__(self):\n",
    "        return len(self.labels)\n",
    "\n",
    "    def __getitem__(self, index):\n",
    "        if True: #index not in self.cache.keys():\n",
    "#             print(\"index of \" + str(index) + \" was cached!\")\n",
    "            data, rate = librosa.load(self.mp3[index], sr=16000, duration=10)\n",
    "            mfccs = librosa.feature.mfcc(y=data, sr=rate, n_mfcc=40)\n",
    "            assert rate == 16000\n",
    "            sample_tensor = torch.tensor(mfccs, device=device).float()\n",
    "            downsampled_tensor = sample_tensor #[::10]\n",
    "    #         print(mfccs.shape, data.shape)\n",
    "\n",
    "            self.cache[index] = (downsampled_tensor, F.softmax(self.labels[index]))\n",
    "#         else:\n",
    "#             print(\"index was cached! index of \" + str(index))\n",
    "        return self.cache[index]"
   ]
  },
  {
   "cell_type": "code",
   "execution_count": 18,
   "metadata": {},
   "outputs": [
    {
     "name": "stdout",
     "output_type": "stream",
     "text": [
      "Net(\n",
      "  (conv1): Conv2d(1, 32, kernel_size=(2, 2), stride=(1, 1))\n",
      "  (conv2): Conv2d(32, 64, kernel_size=(2, 2), stride=(1, 1))\n",
      "  (pool1): MaxPool2d(kernel_size=(2, 2), stride=(2, 2), padding=0, dilation=1, ceil_mode=False)\n",
      "  (drop1): Dropout(p=0.25, inplace=False)\n",
      "  (flat1): Flatten()\n",
      "  (dense1): Linear(in_features=188480, out_features=128, bias=True)\n",
      "  (drop2): Dropout(p=0.5, inplace=False)\n",
      "  (dense2): Linear(in_features=128, out_features=5, bias=True)\n",
      ")\n"
     ]
    }
   ],
   "source": [
    "class Net(nn.Module):\n",
    "    def __init__(self):\n",
    "        super(Net, self).__init__()\n",
    "        self.conv1 = nn.Conv2d(1, 32, (2,2))\n",
    "        self.conv2 = nn.Conv2d(32, 64, (2,2))\n",
    "        self.pool1 = nn.MaxPool2d((2,2))\n",
    "        self.drop1 = nn.Dropout(p=0.25)\n",
    "        self.flat1 = nn.Flatten()\n",
    "        self.dense1 = nn.Linear(188480, 128)\n",
    "        self.drop2 = nn.Dropout(p=0.5)\n",
    "        self.dense2 = nn.Linear(128, 5)\n",
    "        \n",
    "    def forward(self, x):\n",
    "        x = self.conv1(x)\n",
    "        x = F.relu(x)\n",
    "        x = self.conv2(x)\n",
    "        x = F.relu(x)\n",
    "        \n",
    "        x = self.pool1(x)\n",
    "        x = self.drop1(x)\n",
    "        x = self.flat1(x)\n",
    "        x = self.dense1(x)\n",
    "        x = F.relu(x)\n",
    "        \n",
    "        x = self.drop2(x)\n",
    "        x = self.dense2(x)\n",
    "        x = F.relu(x)\n",
    "        \n",
    "        return F.log_softmax(x, dim = 1)\n",
    "\n",
    "model = Net()\n",
    "model.to(device)\n",
    "print(model)"
   ]
  },
  {
   "cell_type": "code",
   "execution_count": 19,
   "metadata": {},
   "outputs": [
    {
     "name": "stdout",
     "output_type": "stream",
     "text": [
      "Train set size: 32\n",
      "Test set size: 7\n"
     ]
    }
   ],
   "source": [
    "train_set = SongEmotionDataset(train_song, train_emotion)\n",
    "test_set = SongEmotionDataset(test_song, test_emotion)\n",
    "print(\"Train set size: \" + str(len(train_set)))\n",
    "print(\"Test set size: \" + str(len(test_set)))\n",
    "\n",
    "kwargs = {'num_workers': 1, 'pin_memory': True} if device == 'cuda' else {} #needed for using datasets on gpu\n",
    "train_loader = torch.utils.data.DataLoader(train_set, batch_size = 8, shuffle = True, **kwargs)\n",
    "test_loader = torch.utils.data.DataLoader(test_set, batch_size = 8, shuffle = True, **kwargs)\n",
    "\n",
    "optimizer = optim.Adam(model.parameters(), lr = 0.01, weight_decay = 0.0001)\n",
    "scheduler = optim.lr_scheduler.StepLR(optimizer, step_size = 20, gamma = 0.1)"
   ]
  },
  {
   "cell_type": "code",
   "execution_count": 20,
   "metadata": {},
   "outputs": [],
   "source": [
    "def train(model, epoch):\n",
    "    model.train()\n",
    "    for batch_idx, (data, target) in enumerate(train_loader):\n",
    "        optimizer.zero_grad()\n",
    "        data.unsqueeze_(1)\n",
    "        data = data.requires_grad_() #set requires_grad to True for training\n",
    "        output = model(data)\n",
    "\n",
    "        kl = nn.KLDivLoss()\n",
    "        loss = kl(output, target)\n",
    "        \n",
    "        loss.backward()\n",
    "        optimizer.step()\n",
    "        \n",
    "        print(output)\n",
    "        print(target)\n",
    "        print(\"\\n\")\n",
    "        \n",
    "        if batch_idx % log_interval == 0: #print training stats\n",
    "            print('Train Epoch: {} [{}/{} ({:.0f}%)]\\tLoss: {:.6f}'.format(\n",
    "                epoch, batch_idx * len(data), len(train_loader.dataset),\n",
    "                100. * batch_idx / len(train_loader), loss))"
   ]
  },
  {
   "cell_type": "code",
   "execution_count": 21,
   "metadata": {},
   "outputs": [],
   "source": [
    "def test(model, epoch):\n",
    "    model.eval()\n",
    "    correct = 0\n",
    "    for data, target in test_loader:\n",
    "        data. unsqueeze_(1)\n",
    "        output = model(data)\n",
    "#         output = output.permute(1, 0, 2)\n",
    "        pred = output.max(1)[1] # get the index of the max log-probability \n",
    "        correct += pred.eq(target.max(1)[1]).cpu().sum().item()\n",
    "    print('\\nTest set: Accuracy: {}/{} ({:.0f}%)\\n'.format(\n",
    "        correct, len(test_loader.dataset),\n",
    "        100. * correct / len(test_loader.dataset)))"
   ]
  },
  {
   "cell_type": "code",
   "execution_count": null,
   "metadata": {
    "scrolled": true
   },
   "outputs": [
    {
     "name": "stdout",
     "output_type": "stream",
     "text": [
      "training epoch 1\n",
      "tensor([[-2.2361, -0.5577, -2.2361, -2.2361, -2.2361],\n",
      "        [-4.0078, -0.2199, -4.0078, -1.9459, -4.0078],\n",
      "        [-3.2023, -0.2180, -3.2023, -3.2023, -2.6052],\n",
      "        [-4.2832, -2.5729, -4.2832, -4.2832, -0.1252],\n",
      "        [-4.1723, -3.5453, -4.1723, -1.5111, -0.3290],\n",
      "        [-4.9931, -3.5870, -4.9931, -0.1756, -2.1217],\n",
      "        [-2.7302, -0.3778, -2.7302, -2.6126, -2.1994],\n",
      "        [-2.9420, -0.7407, -2.9420, -1.0080, -2.9420]], device='cuda:0',\n",
      "       grad_fn=<LogSoftmaxBackward>)\n",
      "tensor([[0.0562, 0.4156, 0.0562, 0.0562, 0.4156],\n",
      "        [0.2039, 0.5544, 0.0102, 0.2039, 0.0276],\n",
      "        [0.0049, 0.0018, 0.7226, 0.2658, 0.0049],\n",
      "        [0.0024, 0.0178, 0.0024, 0.0065, 0.9709],\n",
      "        [0.0126, 0.6876, 0.0342, 0.0126, 0.2530],\n",
      "        [0.0431, 0.0058, 0.0431, 0.8650, 0.0431],\n",
      "        [0.0161, 0.8801, 0.0161, 0.0438, 0.0438],\n",
      "        [0.0530, 0.3917, 0.3917, 0.1441, 0.0195]], device='cuda:0')\n",
      "\n",
      "\n",
      "Train Epoch: 1 [0/32 (0%)]\tLoss: 0.149769\n",
      "tensor([[   -1.6094,    -1.6094,    -1.6094,    -1.6094,    -1.6094],\n",
      "        [ -253.3098,  -865.4836,  -865.4836,     0.0000,  -865.4836],\n",
      "        [-1512.2120, -1512.2120,  -832.7418,     0.0000, -1512.2120],\n",
      "        [ -182.3610,  -182.3610,  -182.3610,     0.0000,  -182.3610],\n",
      "        [   -1.6094,    -1.6094,    -1.6094,    -1.6094,    -1.6094],\n",
      "        [-1343.0840, -1343.0840, -1343.0840,     0.0000, -1343.0840],\n",
      "        [    0.0000,  -584.6304,  -584.6304,   -62.3043,  -584.6304],\n",
      "        [    0.0000,  -828.3751,  -828.3751,  -397.6109,  -828.3751]],\n",
      "       device='cuda:0', grad_fn=<LogSoftmaxBackward>)\n",
      "tensor([[3.7900e-01, 1.3942e-01, 5.1292e-02, 3.7900e-01, 5.1292e-02],\n",
      "        [8.0125e-04, 8.7868e-01, 8.0125e-04, 8.0125e-04, 1.1892e-01],\n",
      "        [6.6440e-03, 3.3078e-04, 6.6440e-03, 9.8605e-01, 3.3078e-04],\n",
      "        [2.5919e-02, 1.9152e-01, 5.2059e-01, 1.9152e-01, 7.0455e-02],\n",
      "        [1.4615e-02, 3.9727e-02, 3.9727e-02, 1.0799e-01, 7.9794e-01],\n",
      "        [1.5188e-02, 4.1286e-02, 1.1223e-01, 8.2924e-01, 2.0555e-03],\n",
      "        [2.3412e-01, 6.3641e-01, 3.1685e-02, 8.6129e-02, 1.1656e-02],\n",
      "        [1.2225e-03, 9.0335e-03, 4.9321e-01, 4.9321e-01, 3.3232e-03]],\n",
      "       device='cuda:0')\n",
      "\n",
      "\n",
      "tensor([[  -1.6094,   -1.6094,   -1.6094,   -1.6094,   -1.6094],\n",
      "        [-436.2532,    0.0000, -436.2532, -436.2532, -436.2532],\n",
      "        [  -1.6094,   -1.6094,   -1.6094,   -1.6094,   -1.6094],\n",
      "        [-401.3953, -401.3953,    0.0000, -401.3953, -401.3953],\n",
      "        [-377.5431, -377.5431,    0.0000, -377.5431,  -44.8955],\n",
      "        [-244.2862, -244.2862,    0.0000, -244.2862, -244.2862],\n",
      "        [  -1.6094,   -1.6094,   -1.6094,   -1.6094,   -1.6094],\n",
      "        [ -48.5869,  -48.5869,  -48.5869,  -48.5869,    0.0000]],\n",
      "       device='cuda:0', grad_fn=<LogSoftmaxBackward>)\n",
      "tensor([[2.2952e-01, 6.2391e-01, 3.1063e-02, 8.4437e-02, 3.1063e-02],\n",
      "        [6.4880e-03, 1.7636e-02, 6.4880e-03, 6.4880e-03, 9.6290e-01],\n",
      "        [5.6215e-03, 1.1291e-01, 4.1538e-02, 5.6215e-03, 8.3431e-01],\n",
      "        [8.8666e-04, 2.4102e-03, 9.7234e-01, 6.5516e-03, 1.7809e-02],\n",
      "        [1.6431e-01, 1.6431e-01, 1.6431e-01, 4.4663e-01, 6.0445e-02],\n",
      "        [4.1686e-02, 5.6416e-03, 8.3728e-01, 1.1331e-01, 2.0754e-03],\n",
      "        [1.4590e-01, 7.2637e-03, 5.3672e-02, 3.9658e-01, 3.9658e-01],\n",
      "        [1.7873e-02, 3.5900e-01, 3.5900e-01, 1.3207e-01, 1.3207e-01]],\n",
      "       device='cuda:0')\n",
      "\n",
      "\n",
      "tensor([[ -1.6094,  -1.6094,  -1.6094,  -1.6094,  -1.6094],\n",
      "        [ -1.6094,  -1.6094,  -1.6094,  -1.6094,  -1.6094],\n",
      "        [ -1.6094,  -1.6094,  -1.6094,  -1.6094,  -1.6094],\n",
      "        [ -1.6094,  -1.6094,  -1.6094,  -1.6094,  -1.6094],\n",
      "        [ -1.6094,  -1.6094,  -1.6094,  -1.6094,  -1.6094],\n",
      "        [-53.1464, -53.1464,   0.0000, -53.1464, -53.1464],\n",
      "        [ -1.6094,  -1.6094,  -1.6094,  -1.6094,  -1.6094],\n",
      "        [ -1.6094,  -1.6094,  -1.6094,  -1.6094,  -1.6094]], device='cuda:0',\n",
      "       grad_fn=<LogSoftmaxBackward>)\n",
      "tensor([[0.0317, 0.0861, 0.0117, 0.2341, 0.6364],\n",
      "        [0.0058, 0.8599, 0.0158, 0.1164, 0.0021],\n",
      "        [0.0335, 0.2476, 0.0123, 0.0335, 0.6731],\n",
      "        [0.0077, 0.4179, 0.4179, 0.1537, 0.0028],\n",
      "        [0.0064, 0.9523, 0.0174, 0.0064, 0.0174],\n",
      "        [0.0022, 0.0022, 0.1180, 0.8718, 0.0059],\n",
      "        [0.0408, 0.0150, 0.8185, 0.0150, 0.1108],\n",
      "        [0.0161, 0.0438, 0.8801, 0.0438, 0.0161]], device='cuda:0')\n",
      "\n",
      "\n",
      "\n",
      "Test set: Accuracy: 1/7 (14%)\n",
      "\n",
      "training epoch 2\n",
      "tensor([[-1.6094, -1.6094, -1.6094, -1.6094, -1.6094],\n",
      "        [-1.6094, -1.6094, -1.6094, -1.6094, -1.6094],\n",
      "        [-1.6094, -1.6094, -1.6094, -1.6094, -1.6094],\n",
      "        [-1.6094, -1.6094, -1.6094, -1.6094, -1.6094],\n",
      "        [-1.6094, -1.6094, -1.6094, -1.6094, -1.6094],\n",
      "        [-1.6094, -1.6094, -1.6094, -1.6094, -1.6094],\n",
      "        [-1.6094, -1.6094, -1.6094, -1.6094, -1.6094],\n",
      "        [-1.6094, -1.6094, -1.6094, -1.6094, -1.6094]], device='cuda:0',\n",
      "       grad_fn=<LogSoftmaxBackward>)\n",
      "tensor([[0.0530, 0.3917, 0.3917, 0.1441, 0.0195],\n",
      "        [0.0161, 0.0438, 0.8801, 0.0438, 0.0161],\n",
      "        [0.0259, 0.1915, 0.5206, 0.1915, 0.0705],\n",
      "        [0.0049, 0.0018, 0.7226, 0.2658, 0.0049],\n",
      "        [0.0012, 0.0090, 0.4932, 0.4932, 0.0033],\n",
      "        [0.0024, 0.0178, 0.0024, 0.0065, 0.9709],\n",
      "        [0.0408, 0.0150, 0.8185, 0.0150, 0.1108],\n",
      "        [0.0317, 0.0861, 0.0117, 0.2341, 0.6364]], device='cuda:0')\n",
      "\n",
      "\n",
      "Train Epoch: 2 [0/32 (0%)]\tLoss: 0.165306\n",
      "tensor([[-1.6094, -1.6094, -1.6094, -1.6094, -1.6094],\n",
      "        [-1.6094, -1.6094, -1.6094, -1.6094, -1.6094],\n",
      "        [-1.6094, -1.6094, -1.6094, -1.6094, -1.6094],\n",
      "        [-1.6094, -1.6094, -1.6094, -1.6094, -1.6094],\n",
      "        [-1.6094, -1.6094, -1.6094, -1.6094, -1.6094],\n",
      "        [-1.6094, -1.6094, -1.6094, -1.6094, -1.6094],\n",
      "        [-1.6094, -1.6094, -1.6094, -1.6094, -1.6094],\n",
      "        [-1.6094, -1.6094, -1.6094, -1.6094, -1.6094]], device='cuda:0',\n",
      "       grad_fn=<LogSoftmaxBackward>)\n",
      "tensor([[2.2952e-01, 6.2391e-01, 3.1063e-02, 8.4437e-02, 3.1063e-02],\n",
      "        [8.0125e-04, 8.7868e-01, 8.0125e-04, 8.0125e-04, 1.1892e-01],\n",
      "        [6.4880e-03, 1.7636e-02, 6.4880e-03, 6.4880e-03, 9.6290e-01],\n",
      "        [1.4590e-01, 7.2637e-03, 5.3672e-02, 3.9658e-01, 3.9658e-01],\n",
      "        [5.7943e-03, 8.5994e-01, 1.5750e-02, 1.1638e-01, 2.1316e-03],\n",
      "        [3.3509e-02, 2.4760e-01, 1.2327e-02, 3.3509e-02, 6.7305e-01],\n",
      "        [1.6431e-01, 1.6431e-01, 1.6431e-01, 4.4663e-01, 6.0445e-02],\n",
      "        [7.6541e-03, 4.1790e-01, 4.1790e-01, 1.5374e-01, 2.8158e-03]],\n",
      "       device='cuda:0')\n",
      "\n",
      "\n",
      "tensor([[-1.6094, -1.6094, -1.6094, -1.6094, -1.6094],\n",
      "        [-1.6094, -1.6094, -1.6094, -1.6094, -1.6094],\n",
      "        [-1.6094, -1.6094, -1.6094, -1.6094, -1.6094],\n",
      "        [-1.6094, -1.6094, -1.6094, -1.6094, -1.6094],\n",
      "        [-1.6094, -1.6094, -1.6094, -1.6094, -1.6094],\n",
      "        [-1.6094, -1.6094, -1.6094, -1.6094, -1.6094],\n",
      "        [-1.6094, -1.6094, -1.6094, -1.6094, -1.6094],\n",
      "        [-1.6094, -1.6094, -1.6094, -1.6094, -1.6094]], device='cuda:0',\n",
      "       grad_fn=<LogSoftmaxBackward>)\n",
      "tensor([[1.7873e-02, 3.5900e-01, 3.5900e-01, 1.3207e-01, 1.3207e-01],\n",
      "        [2.0394e-01, 5.5437e-01, 1.0154e-02, 2.0394e-01, 2.7600e-02],\n",
      "        [6.6440e-03, 3.3078e-04, 6.6440e-03, 9.8605e-01, 3.3078e-04],\n",
      "        [4.3065e-02, 5.8282e-03, 4.3065e-02, 8.6498e-01, 4.3065e-02],\n",
      "        [2.1610e-03, 2.1610e-03, 1.1799e-01, 8.7182e-01, 5.8743e-03],\n",
      "        [5.6215e-03, 1.1291e-01, 4.1538e-02, 5.6215e-03, 8.3431e-01],\n",
      "        [3.7900e-01, 1.3942e-01, 5.1292e-02, 3.7900e-01, 5.1292e-02],\n",
      "        [4.1686e-02, 5.6416e-03, 8.3728e-01, 1.1331e-01, 2.0754e-03]],\n",
      "       device='cuda:0')\n",
      "\n",
      "\n",
      "tensor([[-1.6094, -1.6094, -1.6094, -1.6094, -1.6094],\n",
      "        [-1.6094, -1.6094, -1.6094, -1.6094, -1.6094],\n",
      "        [-1.6094, -1.6094, -1.6094, -1.6094, -1.6094],\n",
      "        [-1.6094, -1.6094, -1.6094, -1.6094, -1.6094],\n",
      "        [-1.6094, -1.6094, -1.6094, -1.6094, -1.6094],\n",
      "        [-1.6094, -1.6094, -1.6094, -1.6094, -1.6094],\n",
      "        [-1.6094, -1.6094, -1.6094, -1.6094, -1.6094],\n",
      "        [-1.6094, -1.6094, -1.6094, -1.6094, -1.6094]], device='cuda:0',\n",
      "       grad_fn=<LogSoftmaxBackward>)\n",
      "tensor([[1.4615e-02, 3.9727e-02, 3.9727e-02, 1.0799e-01, 7.9794e-01],\n",
      "        [1.6120e-02, 8.8012e-01, 1.6120e-02, 4.3819e-02, 4.3819e-02],\n",
      "        [8.8666e-04, 2.4102e-03, 9.7234e-01, 6.5516e-03, 1.7809e-02],\n",
      "        [1.2594e-02, 6.8762e-01, 3.4234e-02, 1.2594e-02, 2.5296e-01],\n",
      "        [1.5188e-02, 4.1286e-02, 1.1223e-01, 8.2924e-01, 2.0555e-03],\n",
      "        [2.3412e-01, 6.3641e-01, 3.1685e-02, 8.6129e-02, 1.1656e-02],\n",
      "        [5.6249e-02, 4.1563e-01, 5.6249e-02, 5.6249e-02, 4.1563e-01],\n",
      "        [6.4164e-03, 9.5228e-01, 1.7442e-02, 6.4164e-03, 1.7442e-02]],\n",
      "       device='cuda:0')\n",
      "\n",
      "\n"
     ]
    },
    {
     "name": "stdout",
     "output_type": "stream",
     "text": [
      "\n",
      "Test set: Accuracy: 1/7 (14%)\n",
      "\n",
      "training epoch 3\n",
      "tensor([[-1.6094, -1.6094, -1.6094, -1.6094, -1.6094],\n",
      "        [-1.6094, -1.6094, -1.6094, -1.6094, -1.6094],\n",
      "        [-1.6094, -1.6094, -1.6094, -1.6094, -1.6094],\n",
      "        [-1.6094, -1.6094, -1.6094, -1.6094, -1.6094],\n",
      "        [-1.6094, -1.6094, -1.6094, -1.6094, -1.6094],\n",
      "        [-1.6094, -1.6094, -1.6094, -1.6094, -1.6094],\n",
      "        [-1.6094, -1.6094, -1.6094, -1.6094, -1.6094],\n",
      "        [-1.6094, -1.6094, -1.6094, -1.6094, -1.6094]], device='cuda:0',\n",
      "       grad_fn=<LogSoftmaxBackward>)\n",
      "tensor([[0.1459, 0.0073, 0.0537, 0.3966, 0.3966],\n",
      "        [0.2295, 0.6239, 0.0311, 0.0844, 0.0311],\n",
      "        [0.0161, 0.0438, 0.8801, 0.0438, 0.0161],\n",
      "        [0.0012, 0.0090, 0.4932, 0.4932, 0.0033],\n",
      "        [0.3790, 0.1394, 0.0513, 0.3790, 0.0513],\n",
      "        [0.0152, 0.0413, 0.1122, 0.8292, 0.0021],\n",
      "        [0.0562, 0.4156, 0.0562, 0.0562, 0.4156],\n",
      "        [0.0126, 0.6876, 0.0342, 0.0126, 0.2530]], device='cuda:0')\n",
      "\n",
      "\n",
      "Train Epoch: 3 [0/32 (0%)]\tLoss: 0.133887\n",
      "tensor([[-1.6094, -1.6094, -1.6094, -1.6094, -1.6094],\n",
      "        [-1.6094, -1.6094, -1.6094, -1.6094, -1.6094],\n",
      "        [-1.6094, -1.6094, -1.6094, -1.6094, -1.6094],\n",
      "        [-1.6094, -1.6094, -1.6094, -1.6094, -1.6094],\n",
      "        [-1.6094, -1.6094, -1.6094, -1.6094, -1.6094],\n",
      "        [-1.6094, -1.6094, -1.6094, -1.6094, -1.6094],\n",
      "        [-1.6094, -1.6094, -1.6094, -1.6094, -1.6094],\n",
      "        [-1.6094, -1.6094, -1.6094, -1.6094, -1.6094]], device='cuda:0',\n",
      "       grad_fn=<LogSoftmaxBackward>)\n",
      "tensor([[2.3412e-01, 6.3641e-01, 3.1685e-02, 8.6129e-02, 1.1656e-02],\n",
      "        [3.1685e-02, 8.6129e-02, 1.1656e-02, 2.3412e-01, 6.3641e-01],\n",
      "        [6.6440e-03, 3.3078e-04, 6.6440e-03, 9.8605e-01, 3.3078e-04],\n",
      "        [6.4164e-03, 9.5228e-01, 1.7442e-02, 6.4164e-03, 1.7442e-02],\n",
      "        [3.3509e-02, 2.4760e-01, 1.2327e-02, 3.3509e-02, 6.7305e-01],\n",
      "        [7.6541e-03, 4.1790e-01, 4.1790e-01, 1.5374e-01, 2.8158e-03],\n",
      "        [2.4065e-03, 1.7782e-02, 2.4065e-03, 6.5416e-03, 9.7086e-01],\n",
      "        [2.0394e-01, 5.5437e-01, 1.0154e-02, 2.0394e-01, 2.7600e-02]],\n",
      "       device='cuda:0')\n",
      "\n",
      "\n",
      "tensor([[-1.6094, -1.6094, -1.6094, -1.6094, -1.6094],\n",
      "        [-1.6094, -1.6094, -1.6094, -1.6094, -1.6094],\n",
      "        [-1.6094, -1.6094, -1.6094, -1.6094, -1.6094],\n",
      "        [-1.6094, -1.6094, -1.6094, -1.6094, -1.6094],\n",
      "        [-1.6094, -1.6094, -1.6094, -1.6094, -1.6094],\n",
      "        [-1.6094, -1.6094, -1.6094, -1.6094, -1.6094],\n",
      "        [-1.6094, -1.6094, -1.6094, -1.6094, -1.6094],\n",
      "        [-1.6094, -1.6094, -1.6094, -1.6094, -1.6094]], device='cuda:0',\n",
      "       grad_fn=<LogSoftmaxBackward>)\n",
      "tensor([[6.4880e-03, 1.7636e-02, 6.4880e-03, 6.4880e-03, 9.6290e-01],\n",
      "        [4.3065e-02, 5.8282e-03, 4.3065e-02, 8.6498e-01, 4.3065e-02],\n",
      "        [5.6215e-03, 1.1291e-01, 4.1538e-02, 5.6215e-03, 8.3431e-01],\n",
      "        [2.1610e-03, 2.1610e-03, 1.1799e-01, 8.7182e-01, 5.8743e-03],\n",
      "        [4.1686e-02, 5.6416e-03, 8.3728e-01, 1.1331e-01, 2.0754e-03],\n",
      "        [1.4615e-02, 3.9727e-02, 3.9727e-02, 1.0799e-01, 7.9794e-01],\n",
      "        [4.0750e-02, 1.4991e-02, 8.1850e-01, 1.4991e-02, 1.1077e-01],\n",
      "        [8.0125e-04, 8.7868e-01, 8.0125e-04, 8.0125e-04, 1.1892e-01]],\n",
      "       device='cuda:0')\n",
      "\n",
      "\n",
      "tensor([[-6.7129e+00, -4.8723e-03, -6.7129e+00, -6.7129e+00, -6.7129e+00],\n",
      "        [-1.6094e+00, -1.6094e+00, -1.6094e+00, -1.6094e+00, -1.6094e+00],\n",
      "        [-1.6094e+00, -1.6094e+00, -1.6094e+00, -1.6094e+00, -1.6094e+00],\n",
      "        [-1.6094e+00, -1.6094e+00, -1.6094e+00, -1.6094e+00, -1.6094e+00],\n",
      "        [-1.6094e+00, -1.6094e+00, -1.6094e+00, -1.6094e+00, -1.6094e+00],\n",
      "        [-1.6094e+00, -1.6094e+00, -1.6094e+00, -1.6094e+00, -1.6094e+00],\n",
      "        [-1.6094e+00, -1.6094e+00, -1.6094e+00, -1.6094e+00, -1.6094e+00],\n",
      "        [-1.6094e+00, -1.6094e+00, -1.6094e+00, -1.6094e+00, -1.6094e+00]],\n",
      "       device='cuda:0', grad_fn=<LogSoftmaxBackward>)\n",
      "tensor([[4.8690e-03, 1.7912e-03, 7.2263e-01, 2.6584e-01, 4.8690e-03],\n",
      "        [1.6431e-01, 1.6431e-01, 1.6431e-01, 4.4663e-01, 6.0445e-02],\n",
      "        [5.3010e-02, 3.9170e-01, 3.9170e-01, 1.4410e-01, 1.9501e-02],\n",
      "        [8.8666e-04, 2.4102e-03, 9.7234e-01, 6.5516e-03, 1.7809e-02],\n",
      "        [5.7943e-03, 8.5994e-01, 1.5750e-02, 1.1638e-01, 2.1316e-03],\n",
      "        [1.7873e-02, 3.5900e-01, 3.5900e-01, 1.3207e-01, 1.3207e-01],\n",
      "        [2.5919e-02, 1.9152e-01, 5.2059e-01, 1.9152e-01, 7.0455e-02],\n",
      "        [1.6120e-02, 8.8012e-01, 1.6120e-02, 4.3819e-02, 4.3819e-02]],\n",
      "       device='cuda:0')\n",
      "\n",
      "\n",
      "\n",
      "Test set: Accuracy: 1/7 (14%)\n",
      "\n",
      "training epoch 4\n",
      "tensor([[-1.6094, -1.6094, -1.6094, -1.6094, -1.6094],\n",
      "        [-1.6094, -1.6094, -1.6094, -1.6094, -1.6094],\n",
      "        [-1.6094, -1.6094, -1.6094, -1.6094, -1.6094],\n",
      "        [-1.6094, -1.6094, -1.6094, -1.6094, -1.6094],\n",
      "        [-1.6094, -1.6094, -1.6094, -1.6094, -1.6094],\n",
      "        [-1.6094, -1.6094, -1.6094, -1.6094, -1.6094],\n",
      "        [-1.6094, -1.6094, -1.6094, -1.6094, -1.6094],\n",
      "        [-1.6094, -1.6094, -1.6094, -1.6094, -1.6094]], device='cuda:0',\n",
      "       grad_fn=<LogSoftmaxBackward>)\n",
      "tensor([[8.8666e-04, 2.4102e-03, 9.7234e-01, 6.5516e-03, 1.7809e-02],\n",
      "        [8.0125e-04, 8.7868e-01, 8.0125e-04, 8.0125e-04, 1.1892e-01],\n",
      "        [6.6440e-03, 3.3078e-04, 6.6440e-03, 9.8605e-01, 3.3078e-04],\n",
      "        [1.7873e-02, 3.5900e-01, 3.5900e-01, 1.3207e-01, 1.3207e-01],\n",
      "        [4.8690e-03, 1.7912e-03, 7.2263e-01, 2.6584e-01, 4.8690e-03],\n",
      "        [3.1685e-02, 8.6129e-02, 1.1656e-02, 2.3412e-01, 6.3641e-01],\n",
      "        [4.0750e-02, 1.4991e-02, 8.1850e-01, 1.4991e-02, 1.1077e-01],\n",
      "        [3.7900e-01, 1.3942e-01, 5.1292e-02, 3.7900e-01, 5.1292e-02]],\n",
      "       device='cuda:0')\n",
      "\n",
      "\n",
      "Train Epoch: 4 [0/32 (0%)]\tLoss: 0.182047\n",
      "tensor([[-1.6094, -1.6094, -1.6094, -1.6094, -1.6094],\n",
      "        [-1.6094, -1.6094, -1.6094, -1.6094, -1.6094],\n",
      "        [-1.6094, -1.6094, -1.6094, -1.6094, -1.6094],\n",
      "        [-1.6094, -1.6094, -1.6094, -1.6094, -1.6094],\n",
      "        [-1.6094, -1.6094, -1.6094, -1.6094, -1.6094],\n",
      "        [-1.6094, -1.6094, -1.6094, -1.6094, -1.6094],\n",
      "        [-1.6094, -1.6094, -1.6094, -1.6094, -1.6094],\n",
      "        [-1.6094, -1.6094, -1.6094, -1.6094, -1.6094]], device='cuda:0',\n",
      "       grad_fn=<LogSoftmaxBackward>)\n",
      "tensor([[0.0024, 0.0178, 0.0024, 0.0065, 0.9709],\n",
      "        [0.0126, 0.6876, 0.0342, 0.0126, 0.2530],\n",
      "        [0.0012, 0.0090, 0.4932, 0.4932, 0.0033],\n",
      "        [0.0417, 0.0056, 0.8373, 0.1133, 0.0021],\n",
      "        [0.0077, 0.4179, 0.4179, 0.1537, 0.0028],\n",
      "        [0.0058, 0.8599, 0.0158, 0.1164, 0.0021],\n",
      "        [0.0161, 0.0438, 0.8801, 0.0438, 0.0161],\n",
      "        [0.2341, 0.6364, 0.0317, 0.0861, 0.0117]], device='cuda:0')\n",
      "\n",
      "\n",
      "tensor([[-1.6094, -1.6094, -1.6094, -1.6094, -1.6094],\n",
      "        [-1.6094, -1.6094, -1.6094, -1.6094, -1.6094],\n",
      "        [-1.6094, -1.6094, -1.6094, -1.6094, -1.6094],\n",
      "        [-1.6094, -1.6094, -1.6094, -1.6094, -1.6094],\n",
      "        [-1.6094, -1.6094, -1.6094, -1.6094, -1.6094],\n",
      "        [-1.6094, -1.6094, -1.6094, -1.6094, -1.6094],\n",
      "        [-1.6094, -1.6094, -1.6094, -1.6094, -1.6094],\n",
      "        [-1.6094, -1.6094, -1.6094, -1.6094, -1.6094]], device='cuda:0',\n",
      "       grad_fn=<LogSoftmaxBackward>)\n",
      "tensor([[0.0064, 0.9523, 0.0174, 0.0064, 0.0174],\n",
      "        [0.0152, 0.0413, 0.1122, 0.8292, 0.0021],\n",
      "        [0.0335, 0.2476, 0.0123, 0.0335, 0.6731],\n",
      "        [0.1643, 0.1643, 0.1643, 0.4466, 0.0604],\n",
      "        [0.0056, 0.1129, 0.0415, 0.0056, 0.8343],\n",
      "        [0.1459, 0.0073, 0.0537, 0.3966, 0.3966],\n",
      "        [0.0022, 0.0022, 0.1180, 0.8718, 0.0059],\n",
      "        [0.0259, 0.1915, 0.5206, 0.1915, 0.0705]], device='cuda:0')\n",
      "\n",
      "\n",
      "tensor([[-1.6094, -1.6094, -1.6094, -1.6094, -1.6094],\n",
      "        [-1.6094, -1.6094, -1.6094, -1.6094, -1.6094],\n",
      "        [-1.6094, -1.6094, -1.6094, -1.6094, -1.6094],\n",
      "        [-1.6094, -1.6094, -1.6094, -1.6094, -1.6094],\n",
      "        [-1.6094, -1.6094, -1.6094, -1.6094, -1.6094],\n",
      "        [-1.6094, -1.6094, -1.6094, -1.6094, -1.6094],\n",
      "        [-1.6094, -1.6094, -1.6094, -1.6094, -1.6094],\n",
      "        [-1.6094, -1.6094, -1.6094, -1.6094, -1.6094]], device='cuda:0',\n",
      "       grad_fn=<LogSoftmaxBackward>)\n",
      "tensor([[0.0146, 0.0397, 0.0397, 0.1080, 0.7979],\n",
      "        [0.2295, 0.6239, 0.0311, 0.0844, 0.0311],\n",
      "        [0.0562, 0.4156, 0.0562, 0.0562, 0.4156],\n",
      "        [0.0161, 0.8801, 0.0161, 0.0438, 0.0438],\n",
      "        [0.0530, 0.3917, 0.3917, 0.1441, 0.0195],\n",
      "        [0.2039, 0.5544, 0.0102, 0.2039, 0.0276],\n",
      "        [0.0431, 0.0058, 0.0431, 0.8650, 0.0431],\n",
      "        [0.0065, 0.0176, 0.0065, 0.0065, 0.9629]], device='cuda:0')\n",
      "\n",
      "\n"
     ]
    },
    {
     "name": "stdout",
     "output_type": "stream",
     "text": [
      "\n",
      "Test set: Accuracy: 1/7 (14%)\n",
      "\n",
      "training epoch 5\n",
      "tensor([[-1.6094, -1.6094, -1.6094, -1.6094, -1.6094],\n",
      "        [-1.6094, -1.6094, -1.6094, -1.6094, -1.6094],\n",
      "        [-1.6094, -1.6094, -1.6094, -1.6094, -1.6094],\n",
      "        [-1.6094, -1.6094, -1.6094, -1.6094, -1.6094],\n",
      "        [-1.6094, -1.6094, -1.6094, -1.6094, -1.6094],\n",
      "        [-1.6094, -1.6094, -1.6094, -1.6094, -1.6094],\n",
      "        [-1.6094, -1.6094, -1.6094, -1.6094, -1.6094],\n",
      "        [-1.6094, -1.6094, -1.6094, -1.6094, -1.6094]], device='cuda:0',\n",
      "       grad_fn=<LogSoftmaxBackward>)\n",
      "tensor([[1.7873e-02, 3.5900e-01, 3.5900e-01, 1.3207e-01, 1.3207e-01],\n",
      "        [1.2225e-03, 9.0335e-03, 4.9321e-01, 4.9321e-01, 3.3232e-03],\n",
      "        [7.6541e-03, 4.1790e-01, 4.1790e-01, 1.5374e-01, 2.8158e-03],\n",
      "        [8.0125e-04, 8.7868e-01, 8.0125e-04, 8.0125e-04, 1.1892e-01],\n",
      "        [4.3065e-02, 5.8282e-03, 4.3065e-02, 8.6498e-01, 4.3065e-02],\n",
      "        [1.6120e-02, 4.3819e-02, 8.8012e-01, 4.3819e-02, 1.6120e-02],\n",
      "        [6.6440e-03, 3.3078e-04, 6.6440e-03, 9.8605e-01, 3.3078e-04],\n",
      "        [3.3509e-02, 2.4760e-01, 1.2327e-02, 3.3509e-02, 6.7305e-01]],\n",
      "       device='cuda:0')\n",
      "\n",
      "\n",
      "Train Epoch: 5 [0/32 (0%)]\tLoss: 0.181261\n",
      "tensor([[-1.6094, -1.6094, -1.6094, -1.6094, -1.6094],\n",
      "        [-1.6094, -1.6094, -1.6094, -1.6094, -1.6094],\n",
      "        [-1.6094, -1.6094, -1.6094, -1.6094, -1.6094],\n",
      "        [-1.6094, -1.6094, -1.6094, -1.6094, -1.6094],\n",
      "        [-1.6094, -1.6094, -1.6094, -1.6094, -1.6094],\n",
      "        [-1.6094, -1.6094, -1.6094, -1.6094, -1.6094],\n",
      "        [-1.6094, -1.6094, -1.6094, -1.6094, -1.6094],\n",
      "        [-1.6094, -1.6094, -1.6094, -1.6094, -1.6094]], device='cuda:0',\n",
      "       grad_fn=<LogSoftmaxBackward>)\n",
      "tensor([[2.0394e-01, 5.5437e-01, 1.0154e-02, 2.0394e-01, 2.7600e-02],\n",
      "        [3.1685e-02, 8.6129e-02, 1.1656e-02, 2.3412e-01, 6.3641e-01],\n",
      "        [1.5188e-02, 4.1286e-02, 1.1223e-01, 8.2924e-01, 2.0555e-03],\n",
      "        [2.3412e-01, 6.3641e-01, 3.1685e-02, 8.6129e-02, 1.1656e-02],\n",
      "        [1.6431e-01, 1.6431e-01, 1.6431e-01, 4.4663e-01, 6.0445e-02],\n",
      "        [1.4590e-01, 7.2637e-03, 5.3672e-02, 3.9658e-01, 3.9658e-01],\n",
      "        [2.1610e-03, 2.1610e-03, 1.1799e-01, 8.7182e-01, 5.8743e-03],\n",
      "        [8.8666e-04, 2.4102e-03, 9.7234e-01, 6.5516e-03, 1.7809e-02]],\n",
      "       device='cuda:0')\n",
      "\n",
      "\n",
      "tensor([[-1.6094, -1.6094, -1.6094, -1.6094, -1.6094],\n",
      "        [-1.6094, -1.6094, -1.6094, -1.6094, -1.6094],\n",
      "        [-1.6094, -1.6094, -1.6094, -1.6094, -1.6094],\n",
      "        [-1.6094, -1.6094, -1.6094, -1.6094, -1.6094],\n",
      "        [-1.6094, -1.6094, -1.6094, -1.6094, -1.6094],\n",
      "        [-1.6094, -1.6094, -1.6094, -1.6094, -1.6094],\n",
      "        [-1.6094, -1.6094, -1.6094, -1.6094, -1.6094],\n",
      "        [-1.6094, -1.6094, -1.6094, -1.6094, -1.6094]], device='cuda:0',\n",
      "       grad_fn=<LogSoftmaxBackward>)\n",
      "tensor([[0.0146, 0.0397, 0.0397, 0.1080, 0.7979],\n",
      "        [0.0161, 0.8801, 0.0161, 0.0438, 0.0438],\n",
      "        [0.0064, 0.9523, 0.0174, 0.0064, 0.0174],\n",
      "        [0.0049, 0.0018, 0.7226, 0.2658, 0.0049],\n",
      "        [0.0126, 0.6876, 0.0342, 0.0126, 0.2530],\n",
      "        [0.0024, 0.0178, 0.0024, 0.0065, 0.9709],\n",
      "        [0.0065, 0.0176, 0.0065, 0.0065, 0.9629],\n",
      "        [0.0408, 0.0150, 0.8185, 0.0150, 0.1108]], device='cuda:0')\n",
      "\n",
      "\n",
      "tensor([[-1.6094, -1.6094, -1.6094, -1.6094, -1.6094],\n",
      "        [-1.6094, -1.6094, -1.6094, -1.6094, -1.6094],\n",
      "        [-1.6094, -1.6094, -1.6094, -1.6094, -1.6094],\n",
      "        [-1.6094, -1.6094, -1.6094, -1.6094, -1.6094],\n",
      "        [-1.6094, -1.6094, -1.6094, -1.6094, -1.6094],\n",
      "        [-1.6094, -1.6094, -1.6094, -1.6094, -1.6094],\n",
      "        [-1.6094, -1.6094, -1.6094, -1.6094, -1.6094],\n",
      "        [-1.6094, -1.6094, -1.6094, -1.6094, -1.6094]], device='cuda:0',\n",
      "       grad_fn=<LogSoftmaxBackward>)\n",
      "tensor([[0.2295, 0.6239, 0.0311, 0.0844, 0.0311],\n",
      "        [0.0058, 0.8599, 0.0158, 0.1164, 0.0021],\n",
      "        [0.0417, 0.0056, 0.8373, 0.1133, 0.0021],\n",
      "        [0.0259, 0.1915, 0.5206, 0.1915, 0.0705],\n",
      "        [0.0562, 0.4156, 0.0562, 0.0562, 0.4156],\n",
      "        [0.0056, 0.1129, 0.0415, 0.0056, 0.8343],\n",
      "        [0.3790, 0.1394, 0.0513, 0.3790, 0.0513],\n",
      "        [0.0530, 0.3917, 0.3917, 0.1441, 0.0195]], device='cuda:0')\n",
      "\n",
      "\n",
      "\n",
      "Test set: Accuracy: 1/7 (14%)\n",
      "\n",
      "training epoch 6\n",
      "tensor([[-1.6094, -1.6094, -1.6094, -1.6094, -1.6094],\n",
      "        [-1.6094, -1.6094, -1.6094, -1.6094, -1.6094],\n",
      "        [-1.6094, -1.6094, -1.6094, -1.6094, -1.6094],\n",
      "        [-1.6094, -1.6094, -1.6094, -1.6094, -1.6094],\n",
      "        [-1.6094, -1.6094, -1.6094, -1.6094, -1.6094],\n",
      "        [-1.6094, -1.6094, -1.6094, -1.6094, -1.6094],\n",
      "        [-1.6094, -1.6094, -1.6094, -1.6094, -1.6094],\n",
      "        [-1.6094, -1.6094, -1.6094, -1.6094, -1.6094]], device='cuda:0',\n",
      "       grad_fn=<LogSoftmaxBackward>)\n",
      "tensor([[6.4880e-03, 1.7636e-02, 6.4880e-03, 6.4880e-03, 9.6290e-01],\n",
      "        [8.8666e-04, 2.4102e-03, 9.7234e-01, 6.5516e-03, 1.7809e-02],\n",
      "        [1.4615e-02, 3.9727e-02, 3.9727e-02, 1.0799e-01, 7.9794e-01],\n",
      "        [5.6215e-03, 1.1291e-01, 4.1538e-02, 5.6215e-03, 8.3431e-01],\n",
      "        [1.5188e-02, 4.1286e-02, 1.1223e-01, 8.2924e-01, 2.0555e-03],\n",
      "        [4.8690e-03, 1.7912e-03, 7.2263e-01, 2.6584e-01, 4.8690e-03],\n",
      "        [2.0394e-01, 5.5437e-01, 1.0154e-02, 2.0394e-01, 2.7600e-02],\n",
      "        [5.3010e-02, 3.9170e-01, 3.9170e-01, 1.4410e-01, 1.9501e-02]],\n",
      "       device='cuda:0')\n",
      "\n",
      "\n",
      "Train Epoch: 6 [0/32 (0%)]\tLoss: 0.189123\n",
      "tensor([[-1.6094, -1.6094, -1.6094, -1.6094, -1.6094],\n",
      "        [-1.6094, -1.6094, -1.6094, -1.6094, -1.6094],\n",
      "        [-1.6094, -1.6094, -1.6094, -1.6094, -1.6094],\n",
      "        [-1.6094, -1.6094, -1.6094, -1.6094, -1.6094],\n",
      "        [-1.6094, -1.6094, -1.6094, -1.6094, -1.6094],\n",
      "        [-1.6094, -1.6094, -1.6094, -1.6094, -1.6094],\n",
      "        [-1.6094, -1.6094, -1.6094, -1.6094, -1.6094],\n",
      "        [-1.6094, -1.6094, -1.6094, -1.6094, -1.6094]], device='cuda:0',\n",
      "       grad_fn=<LogSoftmaxBackward>)\n",
      "tensor([[1.2225e-03, 9.0335e-03, 4.9321e-01, 4.9321e-01, 3.3232e-03],\n",
      "        [4.1686e-02, 5.6416e-03, 8.3728e-01, 1.1331e-01, 2.0754e-03],\n",
      "        [2.4065e-03, 1.7782e-02, 2.4065e-03, 6.5416e-03, 9.7086e-01],\n",
      "        [2.1610e-03, 2.1610e-03, 1.1799e-01, 8.7182e-01, 5.8743e-03],\n",
      "        [3.3509e-02, 2.4760e-01, 1.2327e-02, 3.3509e-02, 6.7305e-01],\n",
      "        [2.2952e-01, 6.2391e-01, 3.1063e-02, 8.4437e-02, 3.1063e-02],\n",
      "        [1.4590e-01, 7.2637e-03, 5.3672e-02, 3.9658e-01, 3.9658e-01],\n",
      "        [6.6440e-03, 3.3078e-04, 6.6440e-03, 9.8605e-01, 3.3078e-04]],\n",
